108.32	146.68	1	1	76.691	67.801	30.407	15.338
141.15	141.94	4	1	92.172	37.835	10.293	14.087
141.21	141.25	5	1	110.25	79.552	11.393	18.411
141.53	141.61	6	1	117.86	58.808	11.575	21.152
144.12	126.31	13	1	184.03	68.837	5.1411	42.023
142.44	128.31	16	1	145.48	58.543	1.5772	49.844
145.34	129.2	17	1	141.74	71.984	1.6337	48.651
114.82	72.679	1	2	159.39	63.035	30.407	31.879
114.5	72.388	2	2	167.34	48.339	30.407	31.879
114.92	72.093	3	2	177.63	59.634	30.407	31.879
114.66	72.116	4	2	177.3	69.299	0.20329	7.5891
115.77	71.591	6	2	135.83	43.261	0.39184	14.476
116.59	73.247	7	2	77.874	53.963	0.62497	33.313
113.94	73.798	9	2	99.003	54.807	0.70287	36.531
145.5	54.093	34	2	95.56	43.351	24.29	33.301
145.13	53.526	35	2	84.674	43.243	21.874	33.263
144.53	54.142	37	2	100.53	58.892	17.463	24.567
145.6	53.502	40	2	103.27	40.69	9.6947	15.521
145.54	53.918	41	2	86.939	26.472	8.4814	9.9451
144.78	53.823	42	2	78.144	36.628	6.4672	9.2139
145.08	53.602	43	2	48.356	38.629	0.35686	14.831
144.86	53.869	45	2	46.37	35.632	0.34818	20.808
144.78	53.981	46	2	61.19	48.491	0.31688	20.799
119.49	92.569	1	3	139.32	79.727	30.407	27.865
122.17	92.411	3	3	60.797	54.536	30.407	27.865
119.77	95.475	4	3	82.96	56.234	1.6897	28.628
116.07	105.89	16	3	59.924	36.373	1.6485	45.24
121.89	129.09	34	3	110.95	54.689	7.4455	35.027
142.63	140.73	58	3	157.67	57.472	0.55286	26.365
114.75	151.38	309	3	110.44	46.481	6.6353	26.87
114.86	151.37	310	3	46.233	36.495	4.3616	25.376
125.45	138.22	1	4	90.162	94.037	30.407	18.032
130.12	143.3	2	4	56.499	53.017	30.407	18.032
141.13	141.7	7	4	88.769	49.898	5.7605	25.033
141.14	141.67	8	4	87.003	36.2	6.5076	23.501
141.11	142.06	9	4	113.58	42.569	6.834	23.145
141.6	142.1	10	4	75.332	47.507	7.0051	22.71
141.05	142.62	11	4	80.236	79.556	7.0926	23.015
140.59	142.86	12	4	85.121	47.238	7.2959	20.043
140.77	142.5	13	4	113.15	37.077	7.0919	20.809
141.19	142.59	14	4	97.39	76.582	6.233	20.808
141.46	142.51	15	4	83.639	57.783	4.4047	20.288
141.55	142.39	16	4	99.164	42.354	0.34474	12.495
141.99	142.64	17	4	102.37	48.606	0.36513	12.769
141.65	142.74	18	4	120.03	51.01	0.33644	14.731
140.92	143.39	19	4	107.01	53.732	0.37418	14.111
117.67	103.58	54	4	207.51	65.31	15.728	38.67
117.53	103.74	55	4	175.56	40.733	16.055	38.67
117.19	103.82	56	4	218.88	61.28	15.051	38.67
117.1	103.53	57	4	195.05	110.12	13.154	38.67
116.85	104.44	58	4	179.38	81.133	9.9873	44.158
116.82	104.22	64	4	208.78	59.861	0.44543	16.405
117.12	104.25	65	4	182.15	33.942	0.39354	15.444
116.85	104.01	66	4	199.64	66.036	0.36873	14.44
116.52	103.62	67	4	228.91	64.646	0.34995	16.577
116.63	103.97	68	4	208.63	99.898	0.36424	14.435
117.23	103.84	71	4	206.02	68.399	0.35423	18.917
116.9	103.57	72	4	203.21	60.01	0.36029	18.65
116.71	103.88	73	4	218.23	83.122	0.34635	16.971
123.14	99.472	80	4	51.559	36.627	4.6182	54.87
123.47	98.938	81	4	123.37	60.578	5.0032	54.87
123.39	99.414	82	4	104.57	32.625	5.2763	54.87
122.15	94.856	93	4	116.03	83.61	4.106	42.797
124.64	94.461	98	4	71.496	52.95	4.008	42.572
106.21	113.72	179	4	111.02	49.282	15.86	20.415
106.02	113.58	180	4	91.046	41.563	17.069	21.827
113.18	118.93	268	4	171.57	57.319	15.747	37.094
137.33	60.66	3	5	68.802	39.482	30.407	11.177
142.86	53.161	6	5	71.113	57	3.7037	12.275
144.7	53.578	7	5	103.47	51.807	3.9388	17.126
145.25	54.007	9	5	112.15	54.147	4.076	22.596
145.55	53.495	10	5	110.44	48.261	4.0665	23.177
144.55	53.507	11	5	113.46	67.393	3.9803	22.62
145.1	53.923	13	5	87.737	38.226	3.2861	19.962
144.92	53.585	15	5	102.96	73.2	0.5482	14.068
146.1	53.062	17	5	117.94	38.374	0.37366	10.613
145.76	53.228	18	5	134.79	66.546	0.39243	13.365
145	54.149	21	5	91.01	50.786	0.4396	14.598
144.93	54.175	22	5	94.748	35.759	0.43546	13.832
145.15	53.584	23	5	123.15	189.11	0.43119	12.702
145.74	53.32	24	5	114.69	73.584	0.45077	12.657
145.43	54.053	25	5	103.97	55.014	0.46059	12.594
145.16	53.79	26	5	103.97	49.711	0.44846	12.709
144.99	53.819	27	5	131.89	44.071	0.36948	14.155
145.37	53.55	29	5	104.36	38.217	0.30188	13.342
145.63	53.509	30	5	97.67	49.337	0.28036	13.718
145.74	53.655	31	5	102.07	54.63	0.27619	12.586
145.17	53.715	32	5	99.512	56.14	0.2389	12.058
145.5	53.529	33	5	86.959	45.154	0.23811	13.249
111.39	144.7	141	5	114.78	44.722	2.8007	66.573
113.72	147.93	175	5	89.105	45.825	0.85006	29.798
111.28	147.53	186	5	155.2	48.611	0.58018	26.348
111.81	146.85	187	5	187.07	47.295	0.64064	27.983
111.66	146.8	188	5	166.9	60.253	0.65659	17.699
112.26	147.48	189	5	134.91	58.822	0.62327	16.392
111.85	146.99	190	5	149.74	65.77	0.59153	15.575
112.01	147.33	193	5	85.369	42.683	0.48694	25.035
111.02	147.48	194	5	56.229	40.599	0.48393	36.651
124.2	140.73	195	5	65.127	43.055	3.029	42.488
123.93	140.52	198	5	60.442	48.848	4.4163	43.18
141.22	141.19	1	6	149.89	45.599	30.407	29.978
140.94	141.49	2	6	119.56	42.826	30.407	29.978
141.17	141.44	3	6	77.525	45.459	30.407	29.978
149.32	130.48	30	6	152.67	77.619	2.4797	45.576
111.75	147.31	41	6	42.011	28.953	12.541	31.595
126.37	94.43	70	6	138.47	52.061	7.3055	17.424
126	94.824	71	6	176.83	74.562	3.0179	41.878
163.93	99.506	83	6	51.912	30.216	12.524	44.191
163.5	114.18	94	6	114.68	61.492	15.215	23.621
164.33	111.44	96	6	171.65	74.74	11.408	37.197
141.34	128.06	4	7	188.71	81.794	0.80413	40.479
140.74	127.79	5	7	95.705	33.152	0.74036	38.457
110.65	147.84	9	7	159.91	176.09	13.426	36.702
124.7	138.07	12	7	78.123	46.762	12.514	39.318
162.41	122.34	30	7	93.075	58.39	14.394	52.529
112.17	146.59	43	7	49.325	35.456	12.724	35.502
111.86	147.22	47	7	85.218	40.248	12.938	35.502
111.71	146.96	48	7	109.3	51.508	12.28	35.502
110.75	148.47	53	7	89.733	68.266	6.8211	21.445
145.09	128.1	89	7	216.46	57.996	1.6714	36.704
144.07	128.22	90	7	212.08	66.577	1.8292	37.768
150.59	38.611	4	8	45.037	32.803	0.43273	13.44
149.53	39.757	12	8	116.33	65.058	1.9123	21.263
149.36	38.77	19	8	38.437	22.19	2.7448	24.506
162.97	111.41	7	9	71.662	86.577	30.407	20.861
162.13	98.859	4	10	77.454	42.017	0.22372	6.4823
161.92	98.838	5	10	93.14	48.024	0.27929	8.5822
162.32	98.868	11	10	50.906	27.708	0.41011	14.835
162.47	98.955	15	10	46.453	28.8	0.49732	12.504
162.11	98.698	17	10	54.914	28.628	0.54082	11.681
161.89	98.936	18	10	91.262	45.502	0.52355	14.524
161.61	99.063	21	10	65.952	36.761	0.40861	16.408
162.17	99.13	23	10	62.745	42.051	0.38268	16.421
161.96	98.75	24	10	59.267	30.55	0.35396	16.668
161.76	99.331	25	10	81.031	51.667	0.32825	15.408
162.64	100.05	32	10	69.057	35.808	0.52171	15.466
162.82	100.32	33	10	75.991	30.724	0.55845	15.151
162.62	100.04	34	10	84.345	30.751	0.52506	14.626
162.62	100.02	35	10	61.743	32.806	0.51752	15.122
162.99	99.969	36	10	48.61	35.993	0.47585	15.777
163.09	99.834	50	10	52.712	26.98	2.3264	15.811
163.86	99.583	51	10	69.331	46.93	1.8303	15.804
163.92	99.632	52	10	56.061	36.467	0.73729	15.98
163.56	99.998	53	10	88.098	44.917	0.76017	15.211
163.86	99.98	54	10	77.63	35.896	0.78744	15.413
164.41	100.78	56	10	112.21	89.782	0.70031	18.23
164.49	100.08	67	10	142.02	60.607	2.3678	30.541
167.52	109.03	79	10	92.921	116.5	5.3847	26.412
164.08	112.51	99	10	179.99	41.359	7.6216	32.496
165.87	113.58	101	10	69.156	46.621	11.674	46.385
161.78	99.164	111	10	66.421	46.782	6.1658	33.181
154.93	101.44	257	10	71.353	34.003	0.58924	10.141
154.78	101.36	258	10	91.955	43.48	0.58122	9.7931
154.72	101.42	262	10	105.5	40.642	0.45175	12.269
154.5	101.39	263	10	75	39.256	0.34806	12.754
155.1	101.32	264	10	81.196	42.003	0.26789	12.634
155.38	101.31	266	10	72.45	37.602	0.271	11.39
155.28	100.96	282	10	121.44	36.793	0.29307	13.694
155.39	101.14	283	10	91.415	29.546	0.30754	13.704
154.71	100.82	284	10	96.109	47.179	0.35801	13.699
155.31	101.36	285	10	95.295	48.042	0.31689	10.089
154.6	101.18	288	10	110.87	51.213	0.31166	12.489
154.63	100.94	358	10	130.9	37.598	0.47599	12.306
154.61	101.22	359	10	130.22	60.493	0.40314	12.392
154.71	101.26	360	10	101.36	57.49	0.37652	12.947
154.6	101.38	362	10	123.94	60.379	0.34794	12.343
155.01	101.29	363	10	134.95	86.686	0.33133	13.344
154.7	100.88	364	10	116.68	38.499	0.21336	12.613
154.75	100.97	365	10	132.54	44.307	0.19277	13.227
154.64	101.25	380	10	166.13	68.64	0.25037	21.19
154.55	101.14	382	10	148.05	61.328	0.24273	22.552
155.35	101.21	411	10	125	57.302	0.3899	12.997
155.01	100.9	413	10	101.88	32.51	0.52159	15.29
155.45	101.4	416	10	149.88	62.503	0.43456	13.104
155.07	101.26	423	10	101.46	45.263	0.30534	15.235
155.33	101.08	429	10	155.66	74.765	0.4357	17.989
162.69	99.658	571	10	196.96	78.9	1.7076	30.781
161.63	98.586	575	10	153.86	107.63	0.99008	26.46
161.53	99.059	594	10	133.2	63.966	0.47468	13.759
161.88	98.987	599	10	119.11	69.563	0.5006	13.211
162.09	99.3	600	10	115.73	64.011	0.5102	12.857
161.51	98.732	604	10	120.2	58.593	0.44134	7.7965
161.66	98.821	607	10	112.08	62.255	0.42682	6.0615
161.59	99.093	609	10	87.401	49.753	0.37665	10.826
163.95	101.49	649	10	102.1	43.594	4.4656	18.232
164.18	100.8	650	10	98.454	58.838	4.6896	18.211
163.67	101.1	651	10	72.154	45.159	4.7169	20.015
163.7	101.02	654	10	89.274	66.109	3.9663	17.437
169.84	102.12	656	10	87.158	97.97	1.7765	12.185
163.63	100.64	658	10	91.645	59.531	2.5172	9.3692
163.65	100.12	659	10	59.326	40.665	2.5562	11.122
163.65	100.08	660	10	98.417	60.292	2.59	11.117
163.54	101.16	661	10	63.307	45.395	2.5936	12.223
139.49	129.62	673	10	134.38	64.426	9.4586	38.562
144.29	142.04	682	10	89.815	59.309	2.7881	35.066
143.23	142.97	683	10	141.49	119.17	2.5318	35.193
143.21	143.87	690	10	123.95	67.385	4.9888	38.902
144.24	124.73	706	10	52.016	33.816	5.4067	32.738
123.87	139.5	710	10	105.89	82.663	8.9183	31.256
141.25	127.84	899	10	195.57	73.712	10.145	46.436
123.33	90.432	5	11	66.202	52.124	30.407	14.935
124.11	92.197	10	11	51.797	42.847	2.7857	13.666
162.5	110.83	16	11	77.275	77.286	14.694	19.973
195.12	27.678	1	12	62.908	49.951	30.407	12.582
194.5	26.852	4	12	76.518	40.579	0.39677	7.0084
194.68	27.46	6	12	85.753	33.831	0.38681	10.384
194.86	26.863	7	12	78.393	48.515	0.36979	9.9667
194.89	26.966	9	12	73.863	38.754	0.3401	9.2818
194.52	27.286	10	12	79.936	42.14	0.32888	9.0329
194.53	27.516	11	12	69.89	38.842	0.28806	8.4049
194.11	27.662	13	12	73.436	41.309	0.34893	4.487
194.01	27.87	14	12	63.699	50.586	0.38352	6.0736
194.83	27.341	16	12	79.887	64.763	0.35859	5.5002
195.07	28.532	17	12	87.918	52.013	0.44306	6.6171
194.77	28.376	18	12	99.773	34.875	0.48562	9.5927
193.57	27.716	19	12	80.952	38.088	0.48971	9.4958
176.19	12.5	4	15	56.421	40.27	30.407	11.437
178.77	7.0349	7	15	52.3	41.188	2.3713	3.1716
175.8	12.765	15	15	47.314	42.383	5.8554	9.7896
176.34	13.088	18	15	51.668	36.102	5.1116	9.606
176.04	13.347	20	15	50.877	32.203	5.0137	7.7248
175.57	12.781	6	16	68.637	32.308	30.407	14.49
150.34	39.334	21	28	50.589	34.765	30.407	11.108
112.03	150.9	28	35	63.516	40.122	30.407	12.703
176.51	51.605	30	38	50.667	43.408	30.407	9.5622
117.21	103.63	44	40	185.26	96.678	13.017	19.639
112.69	118.91	52	40	117.77	74.863	1.6824	43.16
125.12	143.67	31	42	87.929	65.754	30.407	17.586
145.93	54.132	49	48	50.878	46.179	15.375	12.937
160.66	110.81	54	48	47.761	26.114	18.842	15.398
136.6	152.7	99	48	47.687	36.856	11.426	42.878
131.19	150.85	107	48	85.992	49.913	6.3447	43.744
127.42	139.53	47	64	59.71	48.345	30.407	11.942
126.05	140.85	48	64	125.71	82.443	30.407	11.942
140.86	59.571	55	71	54.334	52.781	30.407	13.261
137.52	49.009	59	71	177.31	46.04	3.0428	13.261
156.03	21.569	69	71	66.086	34.027	3.3197	13.261
142.84	52.762	70	71	91.199	63.427	3.3197	13.261
145.71	53.197	55	73	107.35	51.916	30.407	21.469
114.1	140.87	65	74	163.67	56.63	7.0343	27.382
109	148.58	76	74	77.997	33.786	10.174	37.43
108.4	146.7	77	74	86.084	26.703	10.174	37.43
134.92	155.55	80	74	166.07	77.323	10.174	37.43
162.05	99.403	64	79	65.887	34.556	30.407	15.168
163.07	99.646	65	79	73.519	47.279	30.407	15.168
181.81	7.7399	59	81	64.089	41.745	30.407	12.818
181.87	55.841	59	83	49.935	39.577	30.407	9.9871
100.93	126.26	62	86	41.562	30.438	30.407	8.3125
114.15	140.73	64	89	121.34	55.663	30.407	24.269
160.59	119.6	68	94	76.287	48.873	30.407	15.257
192	47.941	70	97	41.782	27.946	30.407	8.3564
164.34	100.52	75	104	53.911	50.528	30.407	10.782
163.39	99.918	79	104	49.954	30.46	8.7258	5.8899
133.39	153.74	87	114	70.774	50.865	30.407	17.146
162.41	98.836	87	115	64.427	39.143	30.407	27.197
174.69	77.025	104	115	82.919	47.721	1.0219	12.381
142.96	49.388	96	123	56.382	43.809	30.407	17.712
139.57	54.431	97	123	48.767	31.633	30.407	17.712
110.67	144.99	115	136	60.355	46.165	15.48	42.571
154.64	101.31	173	136	161.73	62.492	0.39408	17.887
163.91	113.73	228	136	74.906	45.501	10.233	34.436
175.78	61.039	239	136	51.752	32.124	7.9392	22.768
140.57	56.081	307	136	40.071	26.62	11.43	39.229
120.04	94.039	332	136	76.209	52.177	14.741	12.081
120.05	96.323	334	136	107.4	53.648	0.97458	15.149
105.79	113.8	382	136	118.46	194.31	0.72898	28.637
106.19	113.55	455	136	144.93	88.611	1.2723	55.255
103.76	106.92	476	136	104.9	52.569	4.4682	22.481
103.83	132.36	490	136	110.33	67.271	5.1193	39.239
130.19	137.69	498	136	60.634	35.916	6.4201	33.166
145.76	130.45	509	136	94.437	57.654	5.0299	42.261
167.64	111.12	547	136	50.903	48.686	9.189	42.241
161.54	99.252	549	136	69.674	50.523	7.1138	37.401
180.74	85.46	582	136	88.986	45.469	12.33	27.268
147.75	48.337	677	136	74.138	61.609	0.43247	22.389
142.48	65.142	688	136	83.312	39.349	6.0257	28.889
175.5	35.624	104	137	53.875	31.921	30.407	10.775
156.28	122.05	127	146	49.045	35.085	8.9013	14.806
152.86	129.91	129	146	133.48	66.457	10.661	26.558
116.33	74.236	115	147	80.84	69.9	30.407	16.168
162.15	98.939	131	148	44.796	39.997	11.901	58.098
161.49	126.24	154	148	101.5	55.283	23.867	19.15
161.16	125.91	155	148	127.94	79.401	23.632	22.489
132.8	154.43	123	156	129.8	61.668	30.407	25.96
117.16	77.095	127	159	47.059	25.914	30.407	11.635
123.51	141.25	179	159	97.801	77.274	7.3743	28.187
116.8	75.494	137	161	95.621	72.391	13.755	17.113
116.97	75.431	138	161	101.59	75.203	10.827	14.176
116.79	70.595	139	161	94.022	55.519	6.1872	14.202
115.81	74.599	142	161	49.064	41.25	7.1297	18.545
143.02	53.245	144	161	97.548	53.625	10.028	18.648
122.25	93.288	130	162	55.416	42.894	11.328	14.852
169.19	17.997	128	163	51.392	35.778	30.407	8.7027
190.45	28.465	147	163	44.305	34.058	15.455	24.616
142.2	142.13	138	177	109.56	92.725	30.407	9.9626
117.56	82.298	176	184	53.883	41.79	2.3054	20.912
127.15	141.96	149	191	86.534	53.355	7.5065	12.556
125.6	142.22	159	191	80.431	66.697	8.2063	28.877
125.42	143.89	160	191	119.75	63.177	7.7499	27.941
144.14	120.39	171	191	47.402	41.935	8.1036	43.236
126.8	141.11	177	191	64.641	51.173	8.1516	43.645
128.89	141.28	179	191	94.518	113.79	9.856	42.001
129.95	140.69	180	191	56.602	63.37	10.445	43.101
166.25	112.96	185	191	71.641	35.827	10.445	43.101
162.26	98.857	156	193	84.809	62.049	15.603	18.444
123.68	143.49	155	201	52.379	45.884	30.407	10.476
140.58	60.993	158	204	66.021	56.513	30.407	11.085
146.68	42.27	161	204	49.209	41.028	14.316	9.1727
176.13	60.669	168	204	90.161	41.916	15.227	8.4633
176.01	60.617	173	204	87.63	45.94	8.063	12.626
175.59	61.076	174	204	103.85	53.944	7.667	13.343
175.74	60.658	193	204	78.459	55.524	0.60139	12.635
175.66	60.935	194	204	87.034	42.988	0.63314	12.542
145.46	36.482	274	204	144.14	43.037	0.45637	15.174
186.34	60.035	348	204	52.751	31.63	12.803	26.5
152.35	37.977	350	204	89.023	44.394	17.223	24.267
176.54	13.549	369	204	85.32	40.564	4.9267	7.9105
176.44	13.396	370	204	74.156	28.125	4.9757	7.9957
176.24	13.392	371	204	77.32	56.684	4.6462	7.5227
176.25	13.117	372	204	72.368	37.168	4.4394	6.8391
148.29	47.885	392	204	135.67	56.942	13.654	24.699
147.7	47.867	404	204	136.59	57.238	2.1976	36.313
141.21	60.292	418	204	57.602	46.794	1.7317	36.181
148.77	54.274	182	239	53.95	46.662	30.407	18.236
165.7	112.83	186	243	53.32	39.862	30.407	12.252
117.52	153.92	190	247	129.32	63.583	30.407	12.709
124.25	141.09	193	247	84.129	65.255	12.045	27.426
152.61	146.37	203	255	183.33	50.829	13.103	9.056
152.93	146.75	204	255	121.25	68.388	13.161	9.056
165.95	113.57	226	255	92.757	55.901	20.668	18.819
137.84	70.37	233	255	145.87	44.143	14.436	32.521
138.22	70.094	234	255	165.68	60.368	13.979	32.521
137.44	51.617	258	255	52.621	32.855	21.4	11.967
148.84	53.291	221	259	81.308	48.628	6.0396	21.814
176.08	60.895	215	260	82.524	49.079	0.38454	6.3458
176.12	60.701	216	260	119.24	47.697	0.4731	12.166
176.1	60.603	218	260	76.884	54.619	0.54394	12.02
176.27	60.53	219	260	107.5	50.3	0.56154	13.084
175.98	60.624	220	260	89.093	50.298	0.51933	13.036
163.27	114.46	216	271	88.467	53.029	9.6015	26.63
168.75	113.12	209	272	50.191	39.345	30.407	10.038
168.97	105.8	244	287	142.94	89.783	13.493	33.442
146.76	125.71	281	287	136.86	69.489	16.008	29.741
113.63	151.76	283	287	52.952	32.21	19.663	29.741
114.44	151.52	285	287	63.832	54.885	19.663	29.741
164.79	113.29	236	290	152.26	88.589	13.268	11.653
163.45	112.33	248	290	59.92	39.355	5.1045	34.321
123.58	142.68	233	291	76.233	90.487	4.9601	8.3917
113.39	135.39	250	291	63.406	42.799	8.0919	37.553
114.92	150.69	261	291	72.817	28.203	7.2364	18.708
114.72	150.99	262	291	41.792	32.51	5.5668	20.706
127.12	143.4	274	291	57.375	45.854	11.615	10.699
144.5	127.61	236	296	71.451	62.034	30.407	8.8901
148.79	54.255	245	297	67.089	52.501	7.8981	21.516
148.22	53.681	246	297	48.132	45.523	10.254	12.406
122.4	128.74	247	302	69.516	68.554	27.173	37.237
147.79	53.979	244	311	49.169	44.368	30.407	9.8339
148.54	54.052	250	322	54.677	49.835	30.407	14.74
164.97	99.013	255	323	67.632	49.45	30.407	13.526
147.95	48.209	269	323	49.317	39.065	12.942	11.755
174.97	54.588	274	323	127.05	41.315	12.064	26.482
174.52	54.551	276	323	116.26	51.674	12.11	26.094
150.92	40.904	288	323	61.534	44.589	9.7922	28.986
114.65	150.85	274	335	44.256	30.868	16.407	26.102
141.52	128.47	276	335	131.3	109.93	19.444	30.341
115.33	151.03	278	335	53.687	33.484	20.501	33.706
114.09	151.78	303	338	53.046	38.417	15.075	27.673
114.1	151.65	304	338	50.655	36.166	15.55	29.079
128.76	142.48	323	338	84.246	58.018	2.7529	5.371
126.18	140.16	340	338	150.54	74.004	9.614	35.889
125.73	138.71	343	338	137.29	76.797	11.893	47.522
124.51	137.24	344	338	113.52	41.762	11.779	45.104
150.59	114.95	364	338	100.34	59.664	7.0664	58.076
150.64	114.61	369	338	104.62	54.845	2.1905	35.773
144.69	128.11	398	338	86.814	94.206	0.67562	35.524
121.43	154.16	429	338	63.256	60.115	3.7598	28.129
124.11	140.2	302	348	107.62	52.497	8.9211	23.036
123.52	138.67	303	348	190.64	59.917	4.9408	37.142
122.37	92.377	317	348	62.059	53.469	10.689	27.598
122.28	92.187	318	348	48.655	42.822	9.9766	29.81
118.46	95.271	320	348	115.15	67.492	6.9625	31.863
118.12	103.89	326	348	70.299	40.906	7.8194	22.402
127.85	138.22	339	348	128.64	87.927	6.1626	19.415
151.28	40.941	359	348	97.387	35.934	18.617	19.315
114.66	151.39	292	362	45.145	30.031	30.407	16.446
115.94	75.601	304	372	47.143	28.811	11.009	10.934
119.57	95.877	307	372	91.514	60.888	10.793	17.297
158.32	139.3	340	372	51.639	50.442	9.2552	59.387
126.79	92.012	355	372	141.07	146.03	8.8158	29.062
128.75	92.861	357	372	66.034	50.886	11.36	30.683
128.69	92.986	359	372	48.481	42.448	11.057	33.467
121.67	94.587	365	372	189.51	59.424	5.648	38.79
121.28	94.911	366	372	165.02	55.378	5.5616	38.79
120.59	94.814	367	372	144.83	45.662	5.2829	38.79
120.42	94.562	368	372	167.64	54.714	4.8605	38.79
119.69	94.064	369	372	180.14	65.402	4.3706	43.978
118.97	94.08	370	372	161.76	39.68	3.9311	42.561
120.3	94.168	371	372	147.13	39.299	3.3874	38.54
121.62	93.512	372	372	168.17	74.378	3.0425	30.136
122.12	93.261	373	372	105.03	54.08	0.81728	22.076
122.37	92.037	374	372	126.37	49.603	0.9377	24.044
123.79	92.026	380	372	107.32	49.891	0.93486	23.933
122.43	92.34	388	372	120.19	51.715	0.3031	19.193
122.45	91.998	389	372	136.54	91.254	0.32163	14.067
124.58	90.103	397	372	85.112	59.964	1.2008	18.19
128.4	92.403	398	372	74.735	49.638	1.7173	21.291
125.66	94.839	400	372	148.03	70.24	2.059	24.953
125.35	94.274	401	372	159.47	98.401	2.1143	28.625
125.22	94.024	402	372	170.22	74.311	2.009	32.876
124.89	94.26	403	372	148.98	88.427	1.8077	32.188
125.89	94.479	404	372	178.06	71.148	1.6317	34.76
125.63	94.743	405	372	157.36	48.583	1.3584	33.754
125.96	94.696	406	372	161.2	61.463	1.2623	33.275
125.74	95.295	407	372	185.68	65.957	0.95562	28.811
125.39	95.281	409	372	187.1	83.235	0.42169	14.867
125.24	95.473	410	372	176.89	68.35	0.45098	13.336
125.33	94.968	411	372	174.66	67.583	0.4325	12.744
125.47	93.543	412	372	145.8	69.166	0.48537	15.14
125.25	94.499	413	372	174.18	58.731	0.45588	13.345
126.07	94.813	414	372	166.2	84.692	0.45552	13.368
125.99	94.551	415	372	157.49	53.615	0.46951	13.353
125.03	94.93	416	372	152.58	64.415	0.47324	14.258
125.7	94.732	417	372	145.13	85.605	0.46427	15.226
125.22	94.603	418	372	161.51	56.048	0.42061	13.372
125.37	94.196	419	372	153.71	81.203	0.41397	11.222
126.07	93.992	420	372	148.93	111.25	0.39644	10.314
125.9	93.553	422	372	157	165.14	0.44848	8.5748
125.9	94.709	423	372	190.71	83.868	0.4483	12.53
125.94	94.206	424	372	154.21	67.212	0.42964	12.26
126.04	93.835	425	372	139.17	120.71	0.43592	13.344
125.87	93.99	427	372	158.58	132.94	0.3781	15.915
125.71	93.965	428	372	158.51	94.146	0.32454	15.909
125.61	94.213	429	372	143.27	65.886	0.31237	16.587
126.19	94.14	430	372	157.47	113.17	0.32151	16.289
125.13	94.193	432	372	160.2	95.92	0.3594	15.73
125.81	94.276	433	372	148.35	67.58	0.324	12.679
125.65	93.984	434	372	162.03	60.168	0.31552	12.713
131.72	87.228	574	372	122.12	46.36	0.54909	7.332
131.75	87.001	585	372	113.17	44.11	1.4265	21.854
131.65	86.895	587	372	105.21	41.596	1.4454	22.569
131.5	86.906	592	372	110.39	40.881	0.29922	14.298
114.07	152.28	670	372	65.791	63.924	6.4427	22.535
181.69	9.6911	308	378	38.117	23.993	30.407	7.6235
164.5	99.325	332	381	86.473	49.762	7.392	16.841
109.22	149.27	561	381	227.8	64.135	6.3393	44.447
109.67	146.56	565	381	60.908	31.756	8.4405	60.118
108.73	149.37	572	381	287.97	142.8	4.6723	60.118
108.33	149.19	573	381	285.84	57.8	4.6914	60.118
108.26	149.3	574	381	286.1	52.733	4.7486	60.118
108.24	149.22	575	381	282.77	96.151	4.7906	60.118
108.77	149.47	576	381	303.54	91.169	4.5259	60.118
117.22	154.3	581	381	271.74	139.26	3.1238	60.118
117.6	154.48	582	381	193.78	88.12	3.3287	60.118
117.91	153.52	583	381	108.03	68.816	3.3183	60.118
123.03	155.08	585	381	87.997	69.084	3.1498	60.118
144.79	128.58	597	381	85.668	69.772	4.8914	47.019
177.65	87.023	785	381	84.388	76.944	7.8442	7.3725
140.9	61.161	318	385	114.34	68.922	30.407	9.7643
166.57	110.68	320	387	58.394	53.477	4.8849	15.942
152.9	56.215	319	392	43.818	38.489	30.407	8.7637
125.15	143.96	322	395	78.873	64.034	30.407	15.775
117.46	103.9	325	395	59.965	29.809	14.196	8.5381
148.02	143.92	322	396	159.31	70.204	30.407	31.862
117.92	104.17	324	397	53.15	30.919	30.407	14.648
123.12	93.484	342	404	73.739	42.844	8.7552	15.376
178.03	13.875	351	409	74.119	33.101	4.2766	18.742
177.63	14.158	352	409	61.526	52.861	4.5533	20.385
177.22	14.112	354	409	74.506	39.813	4.7306	21.336
177.51	13.964	355	409	71.356	39.676	4.7726	21.179
177.92	13.96	356	409	66.904	41.958	4.5282	21.702
176.95	14.393	358	409	58.613	31.408	3.0863	11.15
177.89	14.15	360	409	74.086	32.436	0.35146	10.636
177.46	13.61	361	409	79.305	38.904	0.34452	10.904
177.58	13.829	362	409	119.94	65.73	0.34737	17.619
177.39	13.661	363	409	74.064	51.897	0.30923	16.575
144.74	45.542	369	409	118.49	69.568	11.611	21.651
122.36	128.66	388	409	58.74	41.807	18.404	28.592
115.22	151.22	433	409	143.1	141.59	5.3205	50.085
117.61	153.88	489	409	103.73	49.022	8.0486	44.092
118.39	153.69	491	409	84.604	39.159	10.472	33.044
118.48	153.55	492	409	79.78	27.993	10.279	34.967
118	153.73	493	409	92.547	30.139	9.2816	34.991
118.44	153.66	494	409	86.406	44.145	7.439	34.415
117.4	153.55	496	409	116.59	54.69	5.5139	17.382
117.82	153.83	499	409	61.703	33.683	0.49855	17.689
117.34	153.72	501	409	67.45	37.216	0.45466	17.466
115.03	151.48	505	409	54.575	43.964	0.77404	23.931
112.82	135.46	531	409	159.38	116.05	6.2693	31.543
116.97	153.56	551	409	69.434	33.954	10.221	35.054
117.44	153.85	558	409	57.689	36.751	0.39121	10.998
117.01	154	560	409	46.323	26.274	0.34656	11.754
152.14	147.49	566	409	78.694	71.032	12.403	21.906
153.73	143.19	598	409	66.898	45.58	14.278	35.956
153.22	130.48	603	409	83.46	39.742	6.642	29.862
132.11	145.24	611	409	74.559	71.1	9.4673	20.787
145.31	118.56	626	409	50.443	40.507	0.63009	16.865
127.1	143.25	688	409	61.421	45.276	7.0742	10.301
106.62	104.84	708	409	90.868	73.838	6.7055	27.411
112.22	106.16	715	409	131.92	76.435	3.0873	39.408
119.56	95.775	735	409	75.234	79.032	13.46	14.103
177.95	13.507	346	410	67.461	32.506	9.9679	10.467
177.63	14.09	347	410	75.448	37.049	10.26	11.353
177.47	13.676	348	410	79.182	33.641	10.543	12.853
151.46	41.372	355	410	103.23	44.276	13.801	20.914
133.27	71.496	340	411	61.388	38.949	30.407	14.087
152.61	55.547	345	411	58.84	24.952	15.802	8.5003
128.09	93.774	352	411	70.39	54.082	17.089	10.141
128.58	93.248	353	411	73.048	44.941	18.316	10.255
127.89	92.78	354	411	76.012	52.941	19.152	8.8522
148.61	47.573	376	411	153.03	47.656	10.878	33.115
153.41	145.69	364	433	96.889	78.019	6.6189	15.755
143.7	129.45	373	433	104.34	117.15	6.6721	18.36
152.66	130.25	391	433	54.668	37.398	8.3844	28.6
132	145.34	395	433	76.268	106.96	9.9281	28.764
154.44	144.33	402	433	163.85	82.512	8.0575	49.034
146.06	125.8	455	433	61.996	55.069	6.1202	17.752
144.78	123.67	456	433	136.99	60.189	6.4931	22.671
145.2	123.98	457	433	111.16	59.379	6.1034	22.858
164.73	117.36	458	433	55.447	59.3	6.9052	23.448
135.06	155.97	461	433	91.767	108.8	10.726	25.455
135.33	156.49	462	433	137.2	94.243	12.084	29.801
112.25	146.88	364	435	49.897	49.707	8.9928	13.844
104.2	132.01	369	435	128.88	69.885	10.161	39.115
105.78	114.08	375	435	132.69	156.01	5.5249	37.527
153.53	144.78	420	435	170.45	128.57	12.551	33.118
153.72	146.17	360	438	63.511	51.849	30.407	12.702
133.48	153.64	365	445	43.042	32.382	30.407	8.6084
125.63	135.94	369	450	82.479	73.02	30.407	17.596
105.56	114.33	373	450	125.91	177.25	15.117	16.483
105.3	113.52	374	450	122.05	239.33	15.444	17.48
128.93	92.521	397	474	62.338	39.462	15.273	20.465
152.51	145.91	400	484	79.216	59.685	30.407	15.843
122.44	137.75	412	490	114.48	79.512	10.01	20.929
144.95	54.508	413	493	148.13	47.773	14.415	33.199
144.98	54.407	414	493	115.81	51.946	16.876	30.435
143.12	52.967	415	493	93.535	48.294	17.646	28.73
116.64	74.681	430	493	105.95	49.705	4.0329	26.587
145.87	54.317	411	494	134.56	61.974	30.407	11.476
145.98	53.795	412	494	125.78	53.053	14.858	32.142
134.78	154.39	412	495	91.522	73.673	11.007	11.261
154.25	143.67	419	500	140.19	73.888	30.407	31.032
117.65	82.118	423	500	50.774	42.023	10.005	39.431
126.99	75.384	429	500	54.329	44.496	6.9974	16.072
146.83	42.372	426	504	63.897	56.852	30.407	11.888
187.51	50.468	439	505	66.901	74.651	8.1814	14.997
118.08	95.119	424	507	52.46	53.646	30.407	10.492
140.9	59.673	440	526	47.094	33.136	30.407	9.4189
104.31	107.29	453	530	90.628	133.16	8.4525	46.132
118.74	92.016	468	530	121.43	78.629	7.3161	48.268
145.34	129.43	517	532	86.482	50.537	1.1961	42.479
137.48	68.033	533	532	99.437	65.74	21.196	23.294
117.82	81.837	548	532	75.639	48.732	10.755	19.443
168.58	14.218	589	532	72.553	26.415	8.9993	12.422
154.08	142.13	454	533	70.002	44.374	30.407	51.744
153.9	142.43	455	533	179.42	53.536	2.9045	51.744
152.69	143.35	456	533	107.48	62.558	2.6929	41.725
126.88	142.63	457	543	49.585	39.576	30.407	9.917
144.64	56.325	469	545	99.197	48.299	13.983	15.668
147.92	47.58	639	545	122	81.567	0.45626	14.68
147.79	47.79	642	545	120.45	60.401	0.3681	17.589
147.57	48.077	657	545	125.66	40.606	0.24353	17.633
147.6	48.006	658	545	109.95	67.164	0.24505	19.403
145.4	124.44	727	545	93.337	56.66	7.2127	23.906
143.59	124.88	810	545	68.224	38.482	5.0214	39.508
144.56	124.19	824	545	52.023	39.947	2.3017	22.27
145.12	123.98	825	545	52.917	52.708	2.3382	24.013
152.02	144.57	906	545	80.149	53.634	8.3422	29.817
136.51	143.46	953	545	137.12	58.327	0.54634	11.421
136.52	143.43	955	545	116.63	61.443	0.58389	17.613
136.97	143.2	957	545	122.88	51.237	0.51671	19.451
136.95	142.5	958	545	187.51	55.67	0.47846	21.688
136.55	143.3	962	545	222.62	88.185	0.34851	30.33
136.53	142.69	963	545	221.3	65.685	0.38195	34.154
136.72	142.75	968	545	162.55	56.771	0.49569	27.263
102.7	121.07	461	546	87.33	97.57	30.407	8.5364
117.41	96.084	466	546	42.364	32.58	6.1139	20.039
132.65	70.692	484	547	59.957	31.156	16.937	21.492
163.14	99.866	495	547	72.687	45.708	14.417	10.209
144.41	127.58	462	548	65.842	50.505	30.407	14.252
143.42	52.993	512	558	102.56	60.188	0.6604	8.865
143.01	52.845	513	558	121.85	48.036	0.59275	14.307
143.22	53.919	514	558	102.74	43.88	0.60171	13.178
125.14	144.24	481	571	43.066	36.682	30.407	23.085
142.12	128.38	487	571	61.052	60.959	30.407	23.085
143.1	128.14	488	571	78.759	55.765	30.407	23.085
140.92	59.869	483	574	84.048	46.412	30.407	10.622
175.58	82.669	491	588	58.203	47.533	30.407	11.641
117.53	153.98	521	591	48.183	26.031	14.261	20.407
114.75	151.45	539	591	83.138	113.47	0.57234	10.552
115.41	151.14	543	591	98.621	75.809	0.67783	19.263
116.69	153.86	546	591	116.47	46.164	0.70682	18.465
116.65	153.97	547	591	90.267	41.685	0.79247	18.008
117.62	153.71	548	591	87.405	39.264	0.90455	16.177
164.15	99.98	537	593	91.799	57.202	15.555	38.713
145.65	52.704	516	595	158.88	72.612	12.284	35.2
143.08	54.204	524	595	99.456	58.491	0.89422	30.243
145.76	53.323	536	595	93.915	37.856	0.58523	36.055
163.58	100.89	627	595	62.616	59.84	21.392	32.284
163.36	100.21	628	595	93.21	86.856	20.043	19.716
163.66	100.36	629	595	123.2	150.73	17.036	22.805
164.24	100.36	630	595	91.941	84.314	12.782	19.518
162.99	100.4	633	595	102.87	56.593	5.0101	18.403
163.06	100.13	634	595	112.01	64.398	5.0556	18.051
163.12	100.1	635	595	110.4	47.943	3.8986	18.508
164.21	101.41	636	595	64.074	45.724	0.45321	19.397
163.89	100.15	637	595	80.615	42.661	0.46611	17.283
164.21	100.68	638	595	75.327	36.283	0.48608	18.18
164.37	100.09	640	595	73.424	38.293	0.55187	17.578
163.67	100.69	641	595	85.289	30.589	0.52335	17.087
164.34	100.85	642	595	88.52	62.884	0.50042	17.043
163.61	100.99	643	595	72.151	49.095	0.47106	17.326
163.87	100.41	644	595	87.395	48.818	0.41663	15.309
113.82	140.53	660	595	236.25	62.502	2.9519	43.937
144.84	124.13	690	595	60.528	37.998	8.7273	35.011
123.09	89.691	504	598	88.746	91.143	30.407	8.8989
181.27	85.33	551	600	95.226	56.389	0.24932	13.749
121.16	93.248	632	600	67.238	51.758	3.312	33.893
120.38	93.749	633	600	77.188	39.672	3.5186	41.552
129.35	141.95	504	605	94.947	58.22	30.407	18.989
123.06	93.558	513	610	97.335	81.236	30.407	20.551
121.01	92.462	515	611	48.805	44.29	14.274	36.81
161.76	99.342	526	619	51.45	32.48	14.681	43.485
136.77	151.93	522	624	69.406	41.155	30.407	13.881
114.2	144.22	525	628	93.145	90.835	30.407	18.629
156.39	40.749	544	633	44.309	33.174	8.8234	9.7194
156.24	40.661	546	633	49.03	32.009	8.8234	9.7194
139.39	59.845	535	634	58.357	51.195	30.407	26.895
160.98	126.05	534	637	59.509	70.416	2.4408	15.985
137.41	153.41	536	637	161.29	218.4	2.4408	15.985
164.21	99.717	536	642	81.846	49.086	4.9317	16.392
176.14	83.145	534	644	44.42	28.25	30.407	8.8841
123.76	143.4	584	653	43.48	32.293	16.775	33.882
109.18	147.92	557	657	153.19	107.33	11.715	30.588
109.31	149.4	558	657	217.46	59.995	12.8	30.588
117.34	74.898	584	657	116.34	52.301	18.104	26.355
124.5	92.342	597	657	58.459	33.429	5.2859	23.278
115.4	91.631	608	657	64.851	50.267	5.9841	40.39
126.06	94.333	612	657	187.57	83.617	4.8184	48.77
125.51	95.339	615	657	104.77	78.217	4.7665	36.021
113.98	141.06	625	657	65.585	44.691	9.9942	18.302
121.42	154.07	647	657	101.67	68.321	6.8039	28.966
107.85	145.93	678	657	107.03	71.781	9.8728	38.604
127.4	142.05	556	658	71.888	52.926	30.407	11.656
129.5	142.13	564	658	81.013	49.735	16.398	39.868
161.82	99.49	558	659	97.785	78.221	12.726	8.7399
117.97	154.07	565	666	90.775	40.789	11.479	32.87
124.8	89.796	566	681	117.78	90.264	30.407	23.556
118.39	153.81	574	683	69.019	28.574	13.774	19.076
118.14	153.68	575	683	54.415	39.476	13.774	19.076
109.43	148.58	571	687	203.98	60.723	30.407	40.796
106.43	106.74	596	698	59.924	43.402	5.2566	45.728
107.54	144.23	597	713	75.279	43.844	30.407	12.635
124.29	131.06	605	713	121.28	55.339	9.3442	38.582
138.75	60.024	600	717	51.675	28.964	30.407	9.3958
122.59	93.079	600	721	43.735	31.373	30.407	8.747
107.84	145.64	604	724	59.541	23.18	30.407	21.002
153.99	146.26	612	724	71.544	58.252	14.808	33.777
153.04	145.6	614	724	69.605	48.71	14.808	33.777
129.84	140.91	615	724	30.383	17.958	14.808	33.777
108.06	146.37	624	724	169.86	71.882	8.2419	38.045
108.07	144.1	606	728	95.377	59.548	30.407	19.075
115.09	76.451	613	737	49.815	32.593	30.407	9.9631
138.38	70.024	613	738	63.219	37.621	30.407	12.644
175.74	85.198	620	741	46.961	37.811	30.407	9.3922
110.91	144.78	645	743	101.07	47.303	14.065	24.883
172.59	26.275	622	748	53.327	37.192	30.407	10.665
176.44	84.554	630	752	105.19	75.718	16.096	21.113
179.91	56.97	666	753	100.96	36.077	12.268	13.902
141.96	65.027	684	753	57.862	46.915	8.0048	20.443
168.81	105.55	630	757	94.475	112.99	30.407	11.217
151.3	41.225	632	758	46.038	42.977	30.407	9.2076
179.95	60.379	641	758	75.179	71.198	10.393	27.933
181.81	56.422	651	758	50.128	41.343	1.3673	16.256
153.49	144.48	650	773	99.457	132.36	30.407	9.3969
114.01	147.65	667	773	77.48	45.168	16.613	23.52
113.74	144.44	668	773	51.418	36.931	16.613	23.52
163.51	100.65	657	786	106.87	54.87	30.407	20.573
167.78	111.45	696	790	111.54	78.956	0.55391	11.329
144.73	123.78	705	790	63.081	35.217	5.2283	30.943
123.01	138.26	706	790	131.12	88.799	9.4905	32.647
125	133.63	707	790	88.988	61.667	11.355	32.408
145.15	123.57	715	790	55.222	39.584	13.022	33.221
145.32	124.41	717	790	227.62	96.811	1.8355	7.455
134.93	153.72	761	790	71.677	84.13	5.8632	44.345
143.78	124.65	766	790	54.906	34.747	8.9406	44.345
145.05	124.22	781	790	58.825	45.091	4.3225	22.414
144.36	124.59	784	790	86.442	52.74	0.29284	12.02
143.58	125.26	786	790	54.929	32.341	0.57235	12.93
126.36	142.73	787	790	75.084	53.495	6.3479	12.123
175.92	84.924	678	808	37.768	29.904	30.407	9.1561
108.4	149.03	683	812	53.366	36.139	30.407	10.673
124.44	139.59	687	813	86.285	82.351	8.5064	15.142
145.17	123.66	689	813	43.699	30.228	9.4875	14.702
167.1	111.04	716	820	50.26	36.444	4.1259	4.0881
144.17	124.63	720	820	48.025	36.834	6.6743	6.5949
145.47	124.47	756	820	70.946	38.892	3.7496	16.543
144.13	124.61	788	820	64.771	44.062	13.191	12.482
144.07	125.56	790	820	72.524	48.204	13.599	9.5013
144.3	124.91	791	820	79.17	47.678	14.102	7.7867
169.16	64.241	830	820	41.805	28.62	15.555	9.6923
185.61	59.753	840	820	69.478	44.428	14.215	17.481
188	57.488	859	820	42.185	30.595	7.4586	11.114
152.53	144.86	696	828	77.837	52.146	30.407	15.567
182.94	17.206	696	830	51.388	45.656	30.407	10.278
161.03	120.17	702	834	74.835	49.598	16.403	32.234
123.68	137.97	705	834	125.87	96.498	17.28	29.505
144.8	123.59	710	834	80.294	37.878	17.28	29.505
152.85	144.51	701	835	52.092	43.202	30.407	10.456
113.8	144.42	703	835	77.407	82.35	30.407	10.456
161.56	40.684	703	841	75.21	41.618	30.407	15.042
144.79	124.22	704	842	49.002	34.066	30.407	9.8003
119.24	91.724	710	846	50.46	31.869	30.407	23.533
110.18	148.12	730	848	170.7	60.888	7.0558	32.568
110.02	148.26	731	848	197.44	69.283	4.6897	57.182
165.58	111.17	741	848	84.056	74.383	17.272	9.0847
147.72	51.577	710	852	74.383	43.518	30.407	14.877
167.02	111.78	718	864	60.008	30.63	30.407	12.002
105.8	107.49	725	867	77.87	40.051	30.407	12.96
144.7	124.05	732	867	48.023	38.777	30.407	12.96
144.95	124.13	734	867	62.649	42.831	7.7719	8.8063
146.39	149.41	740	867	112.44	54.552	10.769	34.677
144.58	124.23	733	874	64.683	46.736	12.938	34.84
174.5	76.539	726	877	44.374	30.686	30.407	10.601
182.26	55.982	725	878	47.052	34.937	30.407	9.4103
181.75	35.8	739	889	76.309	56.306	30.407	12.017
125.15	141.8	775	906	83.057	69.406	8.1373	28.523
137.45	153.17	776	906	75.6	68.239	6.4086	7.5372
107.92	146.92	783	906	117.89	43.463	6.5126	26.957
110.94	147.24	784	906	123.14	72.724	7.3458	27.728
121.91	159.06	785	906	118.24	65.342	7.6399	28.51
144.2	125	797	906	68.173	41.295	7.9038	32.812
144.29	125.82	798	906	76.955	52.46	7.7773	30.953
111.1	147.33	890	906	79.242	63.111	3.5988	38.809
126.86	140.54	892	906	82.721	38.524	7.0065	32.258
126.24	137.82	893	906	63.033	45.889	7.2276	32.558
143.92	127.5	910	906	101.48	99.578	4.8128	25.191
144.06	124.81	920	906	144.81	100.27	5.7891	28.83
143.94	125.77	921	906	79.053	100.33	5.759	29.72
144.48	125.38	922	906	80.714	69.242	5.5452	29.37
126.44	142.53	923	906	88.572	64.263	7.2937	26.12
125.16	136.69	927	906	49.558	39.645	12.107	32.408
125.44	137.08	928	906	125.71	78.877	11.176	32.273
104.73	130.37	940	906	180.73	94.754	10.229	37.827
104.59	129.87	942	906	99.666	82.129	9.6782	48.932
123.75	137.74	752	911	82.598	72.981	30.407	22.123
138.4	161.73	756	912	64.932	48.465	10.715	11.466
127.09	92.306	767	916	72.047	35.343	2.3578	13.855
169.28	105.92	767	935	65.126	63.208	30.407	9.2931
154.41	144.04	768	939	71.448	35.994	30.407	9.6508
176.2	84.81	775	944	47.05	45.142	30.407	9.6191
143.77	125.24	793	944	77.194	41.135	17.028	25.695
125.3	136.57	855	944	58.592	39.314	1.4975	48.528
126.42	140.83	857	944	53.119	41.729	3.6466	52.439
169.02	105.72	898	944	60.437	34.571	10.632	34.652
108.74	147.73	778	948	94.472	65.391	30.407	18.894
164.31	39.996	800	953	66.575	40.919	8.3647	13.107
175.22	76.662	813	954	50.433	40.213	7.9749	16.164
186.99	62.836	817	954	43.846	34.385	7.9749	16.164
151.28	145.08	838	954	65.431	43.566	11.973	20.298
144.53	123.54	849	954	68.167	83.479	6.6065	13.641
145.06	123.72	850	954	74.249	45.446	5.1079	12.127
145.26	123.5	863	954	74.505	46.342	4.6911	27.468
145.4	124	864	954	46.865	43.018	4.4013	23.662
122.97	94.068	797	960	78.232	60.807	30.407	8.6158
143.81	125.04	804	966	62.959	38.967	5.031	21.405
136.6	61.432	954	966	87.184	38.111	0.39668	23.021
136.63	61.015	956	966	83.316	59.227	0.43409	17.958
136.63	61.491	957	966	78.714	35.868	0.4569	16.117
144.02	125.13	801	973	81.136	42.521	30.407	24.209
166.19	106.79	812	973	86.269	81.838	13.808	21.891
156.21	121.83	817	973	55.205	49.507	15.368	20.848
185.66	64.563	829	973	58.48	37.404	23.302	16.252
127.88	95.475	814	976	132.11	66.754	18.637	32.223
127.65	92.095	811	979	114.5	52.616	30.407	17.157
144.27	125.96	813	988	75.581	64.78	30.407	15.116
163.94	114.2	813	989	72.433	54.08	30.407	14.487
144.65	123.59	835	1012	64.855	43.585	30.407	12.971
145.1	123.58	837	1012	62.561	36.724	30.407	12.971
144.62	123.66	841	1012	114.16	46.216	3.5466	18.942
104.2	107.13	844	1012	56.423	49.297	14.217	17.521
105.81	107.11	842	1016	57.406	49.828	22.005	26.564
145.15	123.76	856	1016	55.296	53.11	14.422	16.198
144.94	124.43	857	1016	63.347	41.842	6.9589	6.0635
106.07	146.58	870	1030	73.527	48.408	14.679	13.139
105.66	147.18	871	1030	52.121	49.916	13.02	13.092
108.41	147.02	872	1030	70.282	85.499	11.644	13.063
110.36	147.13	889	1030	54.268	47.414	7.1137	31.697
145.39	133.81	895	1030	105.06	65.651	15.598	23.799
102.1	125.37	956	1030	120.84	62.357	5.8143	47.234
121.84	154.79	974	1030	79.862	87.846	7.2877	23.621
152.76	129.62	985	1030	131.31	47.323	8.6679	21.113
110.46	145.53	869	1047	62.674	55.939	30.407	12.535
130.4	161.87	880	1052	60.07	51.568	30.407	10.493
112.16	150.51	881	1052	59.819	46.811	8.4189	11.365
164.89	113.01	881	1064	130.44	59.149	30.407	26.088
146.79	125.89	886	1065	51.945	29.42	30.407	16.085
146.57	125.5	890	1065	60.886	46.218	5.1593	12.738
127.65	136.55	904	1082	68.812	55.193	14.953	14.469
144.77	125.71	933	1082	69.67	37.203	9.4925	7.3428
118.82	91.506	911	1092	58.769	50.592	30.407	10.644
146.1	126.19	925	1092	62.816	53.498	12.243	14.723
109.72	146.09	923	1093	53.59	44.86	10.795	14.89
143.67	125.75	935	1093	65.357	47.981	10.662	18.383
126.77	133.63	954	1093	102.72	51.903	11.378	48.365
137.3	52.049	945	1094	70.419	42.63	9.7174	9.8927
146.28	126.24	956	1094	64.395	44.19	14.051	12.989
146.43	126.16	965	1094	45.536	35.87	10.11	24.275
116.59	95.922	989	1094	58.386	66.684	5.1014	10.323
125.69	140.15	911	1096	52.828	45.357	30.407	10.566
127.73	92.471	916	1108	67.84	48.541	30.407	13.568
144.44	125.71	919	1109	59.975	42.338	30.407	15.469
128.47	138.01	920	1109	59.936	47.105	12.684	7.6727
144.16	125.19	927	1110	155.2	100.28	17.263	9.836
145.46	125.92	929	1110	91.453	75.168	16.977	9.836
144.09	125.94	932	1110	65.235	37.529	13.208	9.836
160.13	128.22	944	1110	181.96	115.13	15.722	41.153
146.57	126.09	953	1110	76.722	36.874	2.6023	40.302
145.64	126.68	954	1110	63.851	59.498	2.6023	40.302
146.61	125.65	955	1110	72.942	50.557	2.6023	40.302
106.41	147.25	965	1110	72.85	59.995	8.6016	27.432
146.06	126.41	977	1110	76.141	37.007	15.297	9.4914
145.73	127.18	981	1110	67.388	39.917	12.823	12.725
145.97	127.03	982	1110	59.724	42.19	7.631	13.275
123.47	98.778	997	1110	60.688	38.042	14.852	48.48
100.53	126.21	979	1132	57.998	54.039	12.748	29.225
123.62	139.46	935	1135	48.586	44.945	30.407	9.7172
144.06	125.18	941	1139	62.084	35.002	30.407	14.83
143.97	125.43	947	1139	73.842	46.343	12.192	12.292
143.54	124.92	948	1139	56.965	49.214	11.7	11.906
144.3	125.53	949	1139	60.043	53.354	11.234	11.339
145.72	126.79	950	1139	54.856	31.762	10.8	11.146
146.81	125.65	951	1139	54.805	40.013	10.841	11.455
144.25	125.08	945	1143	65.418	38.858	14.717	16.386
144.8	124.07	944	1146	61.151	37.31	30.407	9.4677
102.18	125.32	946	1148	69.697	57.958	30.407	13.939
107.73	144.45	946	1149	106.84	87.717	30.407	21.369
147.05	126.25	964	1155	55.261	52.022	11.306	13.56
111.34	144.69	955	1160	43.964	31.785	30.407	8.7928
110.82	144.67	982	1164	164.57	73.628	11.142	36.449
154.83	45.427	990	1172	67.557	37.88	4.6208	15.486
146.25	126.81	973	1178	48.664	36.661	30.407	23.664
145.97	126.54	975	1178	59.18	48.415	30.407	23.664
147.16	125.91	972	1179	92.025	95.681	30.407	18.405
167.72	110.3	984	1179	61.672	37.637	18.425	29.532
144.63	127.79	992	1179	59.345	25.554	13.788	11.694
144.79	127.58	993	1179	79.5	40.526	14.838	12.847
145.02	127.65	994	1179	77.63	52.25	16.1	13.496
145.67	126.57	995	1179	62.061	33.042	16.884	13.011
145.96	125.88	996	1179	62.191	44.223	16.158	12.984
145.88	125.94	997	1179	46.455	43.483	14.576	13.909
146.61	125.89	998	1179	75.098	37.86	11.874	13.9
147.08	125.96	999	1179	56.531	24.33	6.7677	12.87
155.78	40.779	974	1184	63.335	49.474	30.407	7.5685
165.52	106.58	988	1188	85.911	57.575	27.644	27.737
146.9	140.53	980	1195	102.2	49.555	30.407	20.439
127.7	92.629	994	1200	80.292	77.885	8.4966	17.099
108.21	146.87	999	1210	153	62.55	7.4591	27.97
107.79	146.94	1000	1210	130.5	45.817	7.2968	25.119
